Stop1-Start silicon disk_23-01-24 T=07:54:37 
0.03
0
0.48802
33
10
18
8
8
7
13
9
15
5
15
5
7
16
10
10
12
18
11
6
14
10
19
16
13
15
13
9
16
15
15
11
8
11
13
14
8
14
16
17
16
16
12
20
12
6
14
7
12
8
14
14
10
12
8
9
12
11
12
12
14
16
13
8
10
10
14
11
11
10
12
10
9
9
9
18
12
15
17
9
13
14
12
15
7
11
10
13
14
16
13
11
6
12
13
10
14
8
16
11
15
16
13
10
13
18
16
18
13
12
9
6
11
10
10
18
13
10
7
12
10
12
13
15
19
9
10
11
10
15
14
11
6
12
12
11
14
13
16
12
12
12
18
12
15
18
14
5
13
14
12
12
14
16
11
21
7
11
9
15
15
13
16
12
11
8
10
8
10
12
9
15
14
10
15
11
10
18
8
16
15
12
8
9
12
13
10
11
11
10
12
15
13
10
13
11
8
7
12
12
15
9
18
8
10
10
16
15
10
11
18
17
12
18
11
7
12
22
10
13
14
7
6
7
20
18
16
8
12
8
14
10
13
11
11
12
19
11
14
6
12
14
10
11
9
14
8
17
18
15
12
12
15
13
13
17
17
12
19
12
11
16
13
14
7
16
12
10
7
11
12
14
16
12
15
17
16
18
12
12
7
13
10
18
18
14
10
9
10
12
20
12
14
8
9
10
17
13
12
13
15
13
6
11
13
15
16
15
8
15
11
9
9
10
13
14
15
12
19
16
16
10
15
9
16
15
14
17
11
15
22
12
15
23
19
16
17
21
14
20
20
17
14
26
18
26
27
22
24
31
52
37
73
111
156
207
306
534
744
1069
1555
2387
3538
4800
6560
8811
11231
14806
18402
22108
25470
29310
32369
35820
38669
40375
41067
41165
40978
40143
39523
37988
35315
33110
30453
28141
26298
24258
21955
19739
18143
16224
15082
13565
12427
11436
10042
9277
8311
7673
7125
6446
5949
5244
4839
4387
4170
3706
3438
3193
2858
2669
2453
2326
2068
1942
1774
1640
1513
1457
1309
1249
1251
1023
950
961
918
835
756
722
658
651
609
611
539
527
445
451
437
452
376
396
344
337
330
339
331
296
287
276
265
233
270
255
226
189
196
179
195
183
201
176
173
175
167
154
148
161
137
151
159
129
127
146
127
122
127
119
104
107
124
106
121
103
94
103
120
113
117
100
84
102
86
88
87
89
82
93
97
94
75
81
68
73
89
66
55
63
78
71
70
69
67
71
71
63
62
60
68
86
59
53
58
48
59
55
45
61
47
45
48
66
43
46
56
39
51
40
36
48
35
41
46
44
48
51
35
49
27
48
56
41
51
24
41
39
39
33
32
36
31
42
34
35
41
39
30
37
38
36
29
35
36
21
31
37
28
33
23
33
28
33
26
30
31
25
31
23
29
25
37
42
30
27
29
17
26
26
28
24
26
25
33
21
30
21
25
15
16
29
23
30
19
25
17
20
21
21
21
17
25
16
14
12
26
17
18
14
23
17
19
22
21
16
25
15
21
20
14
17
26
20
15
19
21
13
22
15
21
17
15
12
16
13
16
16
21
20
17
20
8
27
26
15
17
14
21
13
13
18
18
17
15
14
18
19
20
15
16
22
17
20
16
19
25
21
8
20
10
11
11
8
15
12
16
19
15
10
15
12
22
23
18
17
17
20
10
19
16
19
16
19
11
12
15
19
14
14
5
18
7
27
18
9
10
15
13
12
9
19
11
12
11
17
18
19
9
11
12
11
14
12
14
9
15
17
17
17
17
14
12
16
17
11
13
10
11
13
6
15
13
17
18
9
16
14
12
11
15
11
13
12
11
15
16
10
12
14
15
17
16
13
13
11
17
12
12
13
17
11
17
11
13
18
8
15
11
15
19
11
16
14
16
10
15
14
12
19
11
15
9
17
11
11
12
14
8
12
12
18
15
10
8
12
10
13
9
20
12
13
19
10
11
10
12
15
10
11
6
12
14
16
17
13
14
15
6
22
8
11
17
9
15
15
13
14
16
15
14
13
9
7
12
9
12
11
13
12
5
20
10
11
16
10
8
12
12
12
8
17
12
7
22
17
9
22
15
17
13
8
13
14
13
9
10
12
14
6
9
8
17
17
12
14
11
7
11
18
17
13
12
12
8
12
20
15
5
9
14
17
15
11
14
12
9
12
11
16
14
15
6
11
11
13
11
13
10
17
12
9
14
11
20
14
17
14
8
15
11
11
12
9
8
8
14
11
13
20
14
12
10
9
17
15
18
7
12
8
14
10
13
14
13
6
15
10
12
12
11
12
12
9
20
13
17
16
11
13
15
11
15
16
18
18
8
12
14
13
13
15
18
23
13
15
13
14
9
16
19
16
13
10
17
14
9
9
8
14
13
7
16
11
13
11
13
13
18
16
23
9
15
8
12
17
10
10
10
11
8
15
11
11
7
8
11
14
17
9
8
15
11
10
9
15
15
16
14
10
13
9
12
11
10
11
8
12
14
15
16
6
3
23
14
15
12
10
11
16
11
5
14
14
15
15
13
5
16
8
9
15
12
14
9
14
16
10
12
15
16
15
13
10
8
11
13
13
12
5
16
14
12
10
14
12
13
14
7
15
11
12
16
15
11
15
14
11
11
16
11
14
11
14
10
14
14
18
13
10
18
14
13
18
11
15
11
17
13
14
19
12
10
16
8
14
9
8
8
7
9
16
13
15
9
15
11
13
12
13
14
17
10
12
9
15
15
13
11
14
10
15
13
11
10
20
15
16
10
10
10
13
10
9
5
7
10
25
16
16
10
11
8
10
19
8
10
10
14
9
13
12
7
9
14
13
11
14
16
12
14
16
10
15
10
11
20
9
7
9
12
11
13
14
11
10
12
18
14
15
9
11
9
12
14
15
13
15
16
17
8
6
15
8
5
11
19
5
9
10
9
11
14
15
14
7
13
13
10
11
8
15
10
15
15
11
15
4
9
10
15
7
13
16
11
18
16
13
9
11
12
13
12
9
9
15
13
12
4
13
10
19
10
5
13
16
14
11
10
6
20
19
14
13
12
12
6
14
10
16
13
17
15
13
12
7
12
6
11
9
8
11
13
13
9
5
6
11
7
16
16
15
15
7
10
18
8
5
5
18
11
8
9
15
15
14
15
5
6
13
6
2
9
10
14
8
14
13
20
9
9
11
12
18
11
9
12
7
9
10
12
13
12
11
10
18
13
8
16
11
10
5
13
10
12
17
12
12
13
14
16
6
10
12
15
8
13
12
17
12
16
14
16
12
5
9
11
6
14
10
10
12
8
12
11
7
9
9
6
9
10
21
12
9
8
10
12
5
10
18
11
8
11
13
9
7
14
10
9
7
7
14
13
9
12
14
14
7
14
13
9
13
10
11
10
8
12
10
10
13
10
9
9
6
8
6
14
10
4
13
12
17
11
12
12
13
12
11
9
8
13
17
5
8
9
6
13
13
14
13
10
7
4
11
10
11
16
4
8
13
10
4
8
11
9
10
12
13
7
6
7
10
12
11
9
10
13
9
8
6
7
9
6
10
6
8
7
10
7
11
11
10
11
11
10
9
3
10
8
10
17
5
7
8
9
16
13
6
6
9
17
6
11
13
8
8
8
8
7
10
8
9
7
5
4
6
9
10
13
9
10
12
13
8
5
6
6
14
8
13
7
7
8
10
9
9
8
10
14
7
6
8
12
12
5
14
6
5
7
5
9
9
10
7
12
5
13
12
13
7
8
9
5
10
8
5
8
9
5
5
10
3
11
10
4
13
8
14
6
8
2
12
6
4
9
3
6
10
10
5
7
14
12
6
7
6
7
8
7
10
5
9
7
9
3
10
5
5
7
8
8
6
6
4
4
8
6
5
13
6
8
6
4
6
8
3
9
8
9
6
9
8
2
11
4
7
9
6
12
15
5
8
9
8
11
7
3
5
13
7
12
9
9
6
4
3
14
6
6
6
10
6
6
7
5
1
4
3
7
3
4
6
5
10
8
5
8
6
4
8
9
7
2
5
8
6
2
2
5
3
10
5
6
2
2
6
9
7
3
5
6
9
7
4
3
9
5
4
5
10
9
4
7
8
3
7
3
4
6
4
9
4
2
6
7
4
5
3
2
3
5
5
3
5
6
7
3
3
3
4
6
5
2
4
2
3
5
2
3
3
4
0
2
2
5
5
3
4
2
2
6
2
3
0
2
2
2
4
3
2
6
2
5
6
0
4
0
1
2
1
2
6
4
2
3
3
4
3
3
2
3
4
3
0
4
2
2
3
4
0
2
2
4
4
4
2
2
1
3
1
1
4
3
3
1
0
2
1
5
0
2
0
1
1
1
2
4
1
1
1
5
5
2
2
0
1
0
2
3
2
1
2
1
2
0
1
2
1
1
1
2
1
1
1
0
1
0
4
0
1
0
1
2
1
0
1
0
0
2
0
2
0
1
1
0
1
1
0
2
0
1
1
0
0
2
0
2
0
2
0
0
0
1
0
1
1
2
0
0
0
1
1
0
3
0
1
0
1
0
0
0
0
1
1
1
0
1
0
0
1
1
0
0
0
0
0
0
0
0
1
0
0
0
0
1
1
0
0
1
2
1
0
