Stop1-Start 1_ns_1 T=15:19:11 
0.03
0
0.498734
29
16
18
24
15
16
14
16
17
22
15
12
22
19
29
14
19
6
12
16
15
21
23
16
13
13
13
13
14
14
14
13
10
16
19
15
18
12
13
13
13
13
8
12
13
12
17
18
14
10
16
17
16
17
18
20
11
12
16
13
21
17
15
24
13
9
18
10
11
10
10
10
20
18
23
16
22
16
15
16
11
12
12
10
13
16
14
17
16
10
16
15
19
27
18
13
21
14
10
23
23
22
11
17
14
20
13
21
15
7
12
22
17
16
19
13
8
16
20
24
19
13
19
11
14
15
21
13
11
9
14
19
25
10
12
24
25
16
14
15
16
14
13
12
24
16
14
14
15
13
15
18
7
24
17
20
19
14
19
17
21
18
14
25
14
24
13
25
16
25
9
13
12
9
20
12
13
13
20
25
15
22
12
13
22
12
15
9
15
9
15
17
13
17
21
16
13
20
13
14
11
21
17
17
21
10
15
17
11
13
9
20
14
20
17
19
13
18
14
13
14
13
13
17
22
9
19
15
16
19
15
21
13
12
14
21
4
12
11
23
17
13
16
15
14
20
10
15
21
18
13
16
18
15
16
14
14
18
11
11
17
14
17
19
12
25
9
14
13
15
17
22
15
11
17
21
14
22
19
16
14
19
13
31
23
16
12
10
17
13
14
16
25
19
15
13
15
16
21
18
15
17
14
16
23
22
14
15
15
15
22
18
20
31
21
16
14
18
18
21
16
23
16
24
21
26
14
25
26
22
17
21
16
15
22
24
26
19
30
19
18
28
24
33
29
33
35
24
36
48
51
74
105
117
164
253
377
528
785
1211
1624
2359
3171
4575
5962
7672
9898
12580
15423
18353
20931
23525
26239
29044
31185
32088
32577
33191
33542
33121
32450
31128
29616
28284
26620
25219
23796
22205
20659
19034
17647
16487
15497
14537
13370
12386
11342
10903
10127
9678
8861
8199
7590
7035
6601
6341
6017
5741
5177
4845
4661
4400
4201
4001
3783
3522
3323
3144
3108
2931
2762
2553
2571
2327
2249
2238
2197
2007
1969
1815
1740
1629
1664
1661
1529
1495
1485
1434
1396
1293
1272
1265
1194
1172
1023
1117
1168
1013
1035
987
973
1002
907
917
925
865
906
859
834
799
776
775
769
718
734
733
658
698
636
700
648
609
664
622
597
614
598
541
597
548
537
531
461
479
477
532
459
456
461
465
412
434
420
404
384
395
421
407
395
351
351
346
381
349
346
346
325
344
331
322
326
342
316
282
267
281
270
257
260
258
251
288
249
252
268
257
230
225
224
234
225
217
219
203
219
181
184
193
174
192
185
180
168
172
178
184
184
161
182
182
137
157
128
143
138
141
143
148
132
134
132
109
137
127
112
111
115
109
109
100
112
103
103
110
111
109
103
101
100
94
102
86
113
98
84
103
80
96
84
104
102
95
70
80
84
82
87
91
75
70
80
87
70
92
75
88
80
79
66
70
67
58
55
63
57
51
45
71
55
62
60
48
57
50
65
50
46
53
53
48
38
53
46
46
51
56
37
32
63
52
45
43
32
46
49
38
39
39
37
40
45
38
38
42
34
39
40
38
41
45
36
35
47
35
42
39
26
34
38
27
35
45
51
38
35
38
32
32
35
38
40
30
41
29
31
36
13
27
28
28
19
34
29
24
33
31
27
31
25
33
25
29
30
25
20
32
19
21
24
21
20
22
26
14
16
30
25
32
16
26
34
22
17
24
24
24
24
21
29
24
28
24
28
19
19
30
15
24
22
17
24
11
20
22
21
29
24
15
32
26
12
17
9
20
12
30
25
18
22
24
17
16
20
14
13
14
19
29
17
11
16
24
21
18
17
23
15
16
25
11
20
17
22
26
21
19
15
18
16
18
24
21
26
13
18
29
22
17
23
21
22
18
15
17
19
22
19
15
19
17
14
17
22
18
13
18
18
20
26
14
8
15
18
22
24
18
21
14
14
20
30
23
12
21
20
11
25
16
27
19
16
11
23
24
15
17
26
19
18
10
21
19
12
16
20
26
15
22
18
19
10
23
20
16
15
14
20
14
14
14
21
19
13
15
20
19
19
17
9
14
11
12
14
16
14
14
17
19
10
17
16
15
15
16
18
18
11
15
12
23
14
18
10
20
23
19
17
18
16
17
23
21
23
16
13
18
19
19
16
18
15
16
16
19
11
17
18
22
13
13
20
14
24
16
15
19
20
17
24
13
20
17
20
11
9
12
13
15
23
17
25
13
15
16
10
17
23
15
11
19
9
19
14
19
16
18
18
17
12
26
17
19
13
14
22
19
11
12
16
20
11
17
17
18
17
10
15
17
14
18
18
19
15
15
26
19
18
15
19
23
14
15
17
15
13
22
16
13
7
12
11
14
18
22
13
19
12
14
14
17
19
17
9
23
11
13
16
11
18
16
16
13
22
14
14
16
17
14
10
14
12
17
19
17
15
19
12
15
12
23
13
23
10
19
11
13
11
15
15
10
18
20
14
8
18
17
12
18
11
11
17
18
17
16
14
17
6
16
16
14
12
12
12
15
21
20
17
10
22
17
9
16
12
16
10
17
21
16
17
15
22
19
18
18
12
20
17
8
17
18
19
13
15
19
14
13
20
8
13
14
13
11
10
16
13
14
18
12
9
11
12
14
17
14
13
11
18
18
19
17
19
17
7
13
9
12
14
11
16
22
16
21
24
20
19
21
18
10
13
18
11
22
16
17
18
20
14
13
16
24
17
20
12
11
16
18
14
19
14
29
12
19
14
15
23
15
11
18
16
18
15
17
13
22
15
18
19
14
9
13
13
17
21
9
19
12
20
18
16
12
16
18
21
18
15
16
13
19
21
17
11
18
10
17
15
18
12
21
18
11
13
11
19
14
14
19
20
9
11
14
17
17
15
10
24
7
15
21
13
17
14
13
22
15
21
15
15
21
20
8
9
11
17
14
12
12
17
14
14
14
11
14
10
19
15
14
11
8
12
14
17
21
20
7
8
18
11
19
9
11
20
21
11
14
18
22
12
17
12
17
16
12
18
12
15
14
14
13
11
13
14
15
17
11
15
14
11
21
17
11
16
14
20
18
12
11
17
17
14
15
12
20
12
9
17
15
13
6
15
15
9
18
17
16
16
18
11
8
22
13
8
23
10
14
11
11
13
14
14
15
13
18
16
16
18
11
15
10
10
14
17
15
8
11
15
19
23
17
11
15
15
13
14
18
14
9
16
10
13
16
11
18
16
10
17
23
20
10
15
16
9
10
19
11
9
10
14
20
16
13
19
18
13
15
14
14
13
17
9
12
12
13
8
5
17
12
9
8
12
14
22
9
13
15
13
12
15
8
13
16
12
18
22
15
14
16
16
9
15
11
10
11
19
13
7
17
14
11
13
9
13
14
15
13
5
16
10
10
7
9
8
9
14
14
14
17
7
14
11
14
14
15
17
12
14
11
9
12
17
11
18
13
14
11
11
15
10
10
12
10
10
15
13
14
12
9
14
19
14
12
10
9
19
10
9
16
11
10
16
12
13
11
18
7
11
5
9
12
11
12
9
10
16
12
18
14
16
9
13
9
14
13
13
11
16
13
14
12
12
18
14
13
13
14
11
13
17
9
8
7
18
9
11
11
11
16
10
7
9
6
19
16
12
12
9
7
11
9
4
11
11
18
17
10
13
13
9
9
12
14
9
13
14
14
12
9
11
10
14
7
12
7
12
11
17
14
10
10
19
11
4
11
12
9
14
10
12
5
11
13
17
12
11
8
8
11
9
9
19
11
6
8
10
9
13
8
9
15
10
3
9
9
15
15
5
9
10
14
9
11
10
9
6
8
10
9
11
7
13
7
14
15
17
10
6
7
10
8
10
5
10
8
11
11
10
9
6
4
6
10
12
9
7
13
7
13
14
10
11
12
9
7
10
15
13
13
9
7
9
10
4
12
8
14
10
10
12
11
4
8
3
5
12
6
5
9
5
6
15
7
3
10
12
5
8
8
5
13
5
14
6
7
8
6
10
7
12
8
10
8
13
5
6
7
7
7
7
15
4
5
13
5
9
10
3
6
3
7
9
6
4
5
4
5
7
9
7
8
7
9
2
2
6
8
11
10
6
5
7
4
5
3
6
7
6
8
12
3
8
2
8
4
5
8
3
3
4
4
4
7
2
5
4
4
7
7
10
4
2
3
2
4
5
3
1
4
8
5
5
1
2
7
4
1
4
2
2
5
3
2
1
4
1
3
3
6
4
3
4
2
4
3
4
0
3
3
3
2
4
2
5
0
3
6
0
5
1
4
3
3
2
0
4
1
2
2
1
4
0
1
2
2
3
5
5
3
1
2
2
1
1
1
0
1
1
1
1
4
2
0
0
2
2
0
1
1
1
6
3
0
1
0
1
1
1
1
1
3
2
2
0
0
1
0
3
0
1
0
2
0
1
0
0
0
0
1
1
0
0
0
0
0
0
0
1
0
3
1
0
0
1
0
0
0
0
0
1
0
0
0
0
1
1
3
0
2
0
0
0
0
1
1
0
1
0
0
1
0
0
1
3
0
0
0
0
0
1
0
0
1
0
1
2
0
0
0
0
0
0
0
0
1
0
0
0
0
0
0
0
0
